2.703999999999999773e+02 2.702400000000000091e+02 2.958799999999999955e+02 2.855099999999999909e+02 2.920699999999999932e+02 3.073799999999999955e+02 2.988199999999999932e+02 2.952799999999999727e+02 3.060600000000000023e+02 2.960099999999999909e+02
2.820799999999999841e+02 2.765299999999999727e+02 2.934700000000000273e+02 2.959200000000000159e+02 3.132699999999999818e+02 3.108399999999999750e+02 3.121600000000000250e+02 3.051899999999999977e+02 3.084399999999999977e+02 3.003999999999999773e+02
2.847599999999999909e+02 2.768799999999999955e+02 2.977500000000000000e+02 2.876499999999999773e+02 2.902900000000000205e+02 2.851499999999999773e+02 2.918100000000000023e+02 2.968000000000000114e+02 3.079800000000000182e+02 3.160199999999999818e+02
2.790199999999999818e+02 2.820000000000000000e+02 2.859499999999999886e+02 2.812300000000000182e+02 2.942200000000000273e+02 2.986800000000000068e+02 2.951999999999999886e+02 2.847300000000000182e+02 3.053799999999999955e+02 3.033399999999999750e+02
2.852200000000000273e+02 2.947300000000000182e+02 3.031100000000000136e+02 2.900500000000000114e+02 2.949499999999999886e+02 2.885099999999999909e+02 3.003999999999999773e+02 2.888199999999999932e+02 2.970199999999999818e+02 2.906100000000000136e+02
2.794399999999999977e+02 3.017599999999999909e+02 2.932099999999999795e+02 2.960400000000000205e+02 3.060899999999999750e+02 3.165699999999999932e+02 2.941700000000000159e+02 3.011899999999999977e+02 3.094700000000000273e+02 3.021299999999999955e+02
2.790899999999999750e+02 2.845799999999999841e+02 2.837900000000000205e+02 2.867699999999999818e+02 2.995699999999999932e+02 2.950099999999999909e+02 2.960799999999999841e+02 3.142500000000000000e+02 2.929800000000000182e+02 3.108799999999999955e+02
2.808299999999999841e+02 2.935899999999999750e+02 2.869200000000000159e+02 3.041499999999999773e+02 3.079900000000000091e+02 3.004800000000000182e+02 2.996700000000000159e+02 2.937400000000000091e+02 3.036899999999999977e+02 3.060799999999999841e+02
2.707699999999999818e+02 2.851899999999999977e+02 2.746100000000000136e+02 2.764499999999999886e+02 2.972400000000000091e+02 2.933299999999999841e+02 3.034599999999999795e+02 3.115000000000000000e+02 3.018299999999999841e+02 3.130099999999999909e+02
2.683999999999999773e+02 2.867799999999999727e+02 2.832500000000000000e+02 2.841999999999999886e+02 2.854800000000000182e+02 2.975799999999999841e+02 2.806200000000000045e+02 2.933899999999999864e+02 2.981999999999999886e+02 3.014399999999999977e+02
2.898799999999999955e+02 2.785000000000000000e+02 2.784300000000000068e+02 2.891000000000000227e+02 2.913999999999999773e+02 2.878700000000000045e+02 2.866800000000000068e+02 2.925799999999999841e+02 2.861000000000000227e+02 2.946700000000000159e+02
2.916200000000000045e+02 2.918999999999999773e+02 3.003500000000000227e+02 2.899700000000000273e+02 3.037099999999999795e+02 3.139900000000000091e+02 2.991100000000000136e+02 3.148700000000000045e+02 3.159200000000000159e+02 3.084200000000000159e+02
2.805500000000000114e+02 2.963000000000000114e+02 2.816299999999999955e+02 2.910899999999999750e+02 2.916499999999999773e+02 3.029599999999999795e+02 2.937300000000000182e+02 3.120500000000000114e+02 3.058399999999999750e+02 2.999800000000000182e+02
2.878000000000000114e+02 2.936700000000000159e+02 2.926000000000000227e+02 2.912900000000000205e+02 3.047599999999999909e+02 2.973899999999999864e+02 3.028899999999999864e+02 3.076000000000000227e+02 3.011899999999999977e+02 3.142599999999999909e+02
2.909100000000000250e+02 2.918899999999999864e+02 2.950899999999999750e+02 2.881800000000000068e+02 2.968199999999999932e+02 2.973999999999999773e+02 2.990699999999999932e+02 3.053700000000000045e+02 3.093999999999999773e+02 2.972500000000000000e+02
2.859200000000000159e+02 2.719399999999999977e+02 2.895899999999999750e+02 2.914700000000000273e+02 2.862900000000000205e+02 2.892099999999999795e+02 3.063299999999999841e+02 3.106800000000000068e+02 3.065199999999999818e+02 3.087699999999999818e+02
2.821100000000000136e+02 2.820400000000000205e+02 2.910099999999999909e+02 2.923700000000000045e+02 2.976499999999999773e+02 2.961399999999999864e+02 2.998100000000000023e+02 3.090199999999999818e+02 2.900699999999999932e+02 2.907400000000000091e+02
2.858500000000000227e+02 2.958700000000000045e+02 2.926200000000000045e+02 3.028600000000000136e+02 3.040699999999999932e+02 2.937200000000000273e+02 3.005099999999999909e+02 3.120000000000000000e+02 2.972699999999999818e+02 3.134900000000000091e+02
2.894100000000000250e+02 2.874100000000000250e+02 2.758799999999999955e+02 2.769200000000000159e+02 2.953100000000000023e+02 2.934100000000000250e+02 2.893199999999999932e+02 3.045099999999999909e+02 2.976000000000000227e+02 3.217400000000000091e+02
2.901899999999999977e+02 3.041499999999999773e+02 2.940400000000000205e+02 3.054900000000000091e+02 3.027200000000000273e+02 3.141100000000000136e+02 3.028199999999999932e+02 3.010699999999999932e+02 2.894800000000000182e+02 3.037599999999999909e+02
