2.036999999999999886e+02 1.930600000000000023e+02 1.985699999999999932e+02 2.026599999999999966e+02 1.960000000000000000e+02 1.984099999999999966e+02 2.031200000000000045e+02 2.015000000000000000e+02 1.931500000000000057e+02 1.935099999999999909e+02
2.000600000000000023e+02 2.008100000000000023e+02 2.067899999999999920e+02 2.010800000000000125e+02 2.064699999999999989e+02 1.954399999999999977e+02 1.934000000000000057e+02 1.958799999999999955e+02 2.050500000000000114e+02 2.047599999999999909e+02
1.858899999999999864e+02 1.985099999999999909e+02 2.016200000000000045e+02 1.924600000000000080e+02 2.073100000000000023e+02 2.016299999999999955e+02 1.995300000000000011e+02 1.955900000000000034e+02 1.950099999999999909e+02 2.047500000000000000e+02
1.999799999999999898e+02 2.027199999999999989e+02 2.001899999999999977e+02 1.981500000000000057e+02 1.964199999999999875e+02 2.005300000000000011e+02 1.951699999999999875e+02 1.936599999999999966e+02 1.953400000000000034e+02 2.038300000000000125e+02
1.892500000000000000e+02 1.920999999999999943e+02 1.937199999999999989e+02 1.895800000000000125e+02 1.970399999999999920e+02 1.926599999999999966e+02 1.960200000000000102e+02 1.988199999999999932e+02 2.020200000000000102e+02 1.927299999999999898e+02
1.906899999999999977e+02 1.936699999999999875e+02 1.952899999999999920e+02 1.977299999999999898e+02 2.011299999999999955e+02 1.961200000000000045e+02 1.983899999999999864e+02 2.020000000000000000e+02 2.026599999999999966e+02 1.901399999999999864e+02
1.972100000000000080e+02 1.982500000000000000e+02 2.082400000000000091e+02 2.058600000000000136e+02 1.972199999999999989e+02 1.971200000000000045e+02 1.996999999999999886e+02 1.925200000000000102e+02 2.013899999999999864e+02 2.057899999999999920e+02
1.966800000000000068e+02 1.929000000000000057e+02 1.978700000000000045e+02 2.025800000000000125e+02 1.933400000000000034e+02 1.891699999999999875e+02 1.980200000000000102e+02 1.954000000000000057e+02 1.919399999999999977e+02 1.974900000000000091e+02
1.847700000000000102e+02 1.959699999999999989e+02 1.953799999999999955e+02 1.952700000000000102e+02 1.921999999999999886e+02 1.962299999999999898e+02 2.028899999999999864e+02 1.965600000000000023e+02 2.019699999999999989e+02 1.953100000000000023e+02
1.999699999999999989e+02 2.008700000000000045e+02 1.941100000000000136e+02 1.934099999999999966e+02 1.975099999999999909e+02 1.988700000000000045e+02 1.964300000000000068e+02 2.007700000000000102e+02 1.904399999999999977e+02 1.976800000000000068e+02
1.948199999999999932e+02 1.959199999999999875e+02 1.971699999999999875e+02 2.042700000000000102e+02 1.982700000000000102e+02 1.973199999999999932e+02 1.976200000000000045e+02 1.946899999999999977e+02 1.959199999999999875e+02 1.976399999999999864e+02
1.922700000000000102e+02 2.003199999999999932e+02 1.934900000000000091e+02 2.004499999999999886e+02 1.935699999999999932e+02 2.005099999999999909e+02 1.993300000000000125e+02 1.862700000000000102e+02 1.976599999999999966e+02 1.960600000000000023e+02
1.954799999999999898e+02 1.881399999999999864e+02 1.927800000000000011e+02 1.960000000000000000e+02 2.023199999999999932e+02 1.967899999999999920e+02 1.993799999999999955e+02 1.967599999999999909e+02 2.004499999999999886e+02 2.040200000000000102e+02
1.973799999999999955e+02 1.931200000000000045e+02 1.968199999999999932e+02 2.013000000000000114e+02 1.962100000000000080e+02 1.935200000000000102e+02 1.930600000000000023e+02 2.003300000000000125e+02 2.056899999999999977e+02 1.999199999999999875e+02
1.975399999999999920e+02 1.966999999999999886e+02 1.994799999999999898e+02 1.978700000000000045e+02 1.878400000000000034e+02 1.999900000000000091e+02 1.953700000000000045e+02 1.990999999999999943e+02 1.935200000000000102e+02 1.937899999999999920e+02
1.934900000000000091e+02 1.895000000000000000e+02 1.953199999999999932e+02 1.983499999999999943e+02 1.947599999999999909e+02 2.024900000000000091e+02 1.975999999999999943e+02 2.033700000000000045e+02 1.980600000000000023e+02 1.952100000000000080e+02
1.892899999999999920e+02 1.938199999999999932e+02 1.992800000000000011e+02 1.999900000000000091e+02 1.933600000000000136e+02 1.916599999999999966e+02 2.058000000000000114e+02 1.968700000000000045e+02 1.964699999999999989e+02 1.945699999999999932e+02
1.981399999999999864e+02 1.950999999999999943e+02 1.953899999999999864e+02 1.915600000000000023e+02 1.959099999999999966e+02 2.008600000000000136e+02 1.996999999999999886e+02 2.042899999999999920e+02 2.029300000000000068e+02 2.035200000000000102e+02
1.982500000000000000e+02 1.989099999999999966e+02 1.986599999999999966e+02 2.062599999999999909e+02 1.956200000000000045e+02 1.912199999999999989e+02 1.894099999999999966e+02 1.988100000000000023e+02 1.938100000000000023e+02 1.952800000000000011e+02
1.957500000000000000e+02 2.000200000000000102e+02 2.029499999999999886e+02 1.962700000000000102e+02 1.925900000000000034e+02 1.993700000000000045e+02 1.949699999999999989e+02 1.993700000000000045e+02 1.976399999999999864e+02 2.021599999999999966e+02
1.938499999999999943e+02 1.971899999999999977e+02 1.989600000000000080e+02 1.913899999999999864e+02 1.998899999999999864e+02 1.916100000000000136e+02 2.038799999999999955e+02 2.002599999999999909e+02 1.933000000000000114e+02 1.968000000000000114e+02
1.955300000000000011e+02 1.958899999999999864e+02 1.930099999999999909e+02 1.933799999999999955e+02 1.982199999999999989e+02 2.028199999999999932e+02 1.944199999999999875e+02 1.981500000000000057e+02 1.969699999999999989e+02 1.946899999999999977e+02
1.966100000000000136e+02 1.987700000000000102e+02 1.960200000000000102e+02 1.939300000000000068e+02 1.959900000000000091e+02 2.013300000000000125e+02 2.064199999999999875e+02 1.958300000000000125e+02 1.997199999999999989e+02 2.013600000000000136e+02
1.972500000000000000e+02 1.999300000000000068e+02 1.919900000000000091e+02 1.958000000000000114e+02 1.945800000000000125e+02 1.945999999999999943e+02 2.021999999999999886e+02 1.956899999999999977e+02 2.029099999999999966e+02 1.972599999999999909e+02
1.936299999999999955e+02 1.875500000000000114e+02 2.013000000000000114e+02 1.975500000000000114e+02 1.965000000000000000e+02 2.018600000000000136e+02 1.958400000000000034e+02 2.035999999999999943e+02 2.042199999999999989e+02 2.006200000000000045e+02
1.933700000000000045e+02 1.970600000000000023e+02 2.050699999999999932e+02 1.964399999999999977e+02 1.948199999999999932e+02 2.020999999999999943e+02 2.000800000000000125e+02 1.908300000000000125e+02 1.910600000000000023e+02 1.999300000000000068e+02
2.003799999999999955e+02 2.004199999999999875e+02 2.092299999999999898e+02 2.013799999999999955e+02 1.922199999999999989e+02 2.006399999999999864e+02 2.011200000000000045e+02 1.895000000000000000e+02 1.966899999999999977e+02 2.003700000000000045e+02
1.917400000000000091e+02 1.972599999999999909e+02 1.992800000000000011e+02 2.011299999999999955e+02 1.948799999999999955e+02 2.040999999999999943e+02 1.978400000000000034e+02 1.966399999999999864e+02 1.985200000000000102e+02 1.990699999999999932e+02
1.935099999999999909e+02 2.014399999999999977e+02 1.894699999999999989e+02 1.930399999999999920e+02 1.935900000000000034e+02 2.004499999999999886e+02 1.902899999999999920e+02 1.964699999999999989e+02 1.936599999999999966e+02 1.912899999999999920e+02
1.959399999999999977e+02 1.911500000000000057e+02 2.029799999999999898e+02 1.942100000000000080e+02 1.997899999999999920e+02 1.992800000000000011e+02 1.945200000000000102e+02 1.989399999999999977e+02 1.951899999999999977e+02 2.019900000000000091e+02
