4.285199999999999818e+02 4.384599999999999795e+02 4.395299999999999727e+02 4.366999999999999886e+02 4.374599999999999795e+02 4.372699999999999818e+02 4.454800000000000182e+02 4.396700000000000159e+02 4.367900000000000205e+02 4.349900000000000091e+02
4.395299999999999727e+02 4.453999999999999773e+02 4.379399999999999977e+02 4.409800000000000182e+02 4.395099999999999909e+02 4.385699999999999932e+02 4.408600000000000136e+02 4.401299999999999955e+02 4.379399999999999977e+02 4.424499999999999886e+02
4.437799999999999727e+02 4.423399999999999750e+02 4.335099999999999909e+02 4.478000000000000114e+02 4.421200000000000045e+02 4.451899999999999977e+02 4.438899999999999864e+02 4.430099999999999909e+02 4.371100000000000136e+02 4.419499999999999886e+02
4.344300000000000068e+02 4.303100000000000023e+02 4.350699999999999932e+02 4.373999999999999773e+02 4.444599999999999795e+02 4.466000000000000227e+02 4.401800000000000068e+02 4.437900000000000205e+02 4.376000000000000227e+02 4.423999999999999773e+02
4.358500000000000227e+02 4.257500000000000000e+02 4.405799999999999841e+02 4.389399999999999977e+02 4.329900000000000091e+02 4.382099999999999795e+02 4.350000000000000000e+02 4.469900000000000091e+02 4.393899999999999864e+02 4.406000000000000227e+02
4.305899999999999750e+02 4.371100000000000136e+02 4.336299999999999955e+02 4.308999999999999773e+02 4.400000000000000000e+02 4.375199999999999818e+02 4.345000000000000000e+02 4.323700000000000045e+02 4.415799999999999841e+02 4.356499999999999773e+02
4.376000000000000227e+02 4.331399999999999864e+02 4.349100000000000250e+02 4.373500000000000227e+02 4.359599999999999795e+02 4.287900000000000205e+02 4.414800000000000182e+02 4.303199999999999932e+02 4.355899999999999750e+02 4.394800000000000182e+02
4.304599999999999795e+02 4.384599999999999795e+02 4.431299999999999955e+02 4.424300000000000068e+02 4.390299999999999727e+02 4.400299999999999727e+02 4.412599999999999909e+02 4.380299999999999727e+02 4.390600000000000023e+02 4.359200000000000159e+02
4.335400000000000205e+02 4.388199999999999932e+02 4.369700000000000273e+02 4.364200000000000159e+02 4.421100000000000136e+02 4.441999999999999886e+02 4.348399999999999750e+02 4.436299999999999955e+02 4.388600000000000136e+02 4.380600000000000023e+02
4.339100000000000250e+02 4.348299999999999841e+02 4.375899999999999750e+02 4.396299999999999955e+02 4.432099999999999795e+02 4.343999999999999773e+02 4.389100000000000250e+02 4.376600000000000250e+02 4.435400000000000205e+02 4.333500000000000227e+02
4.391700000000000159e+02 4.409700000000000273e+02 4.366999999999999886e+02 4.362599999999999909e+02 4.429399999999999977e+02 4.365600000000000023e+02 4.436200000000000045e+02 4.361299999999999955e+02 4.402599999999999909e+02 4.374900000000000091e+02
4.325299999999999727e+02 4.347400000000000091e+02 4.339399999999999977e+02 4.392699999999999818e+02 4.500899999999999750e+02 4.367599999999999909e+02 4.416200000000000045e+02 4.410400000000000205e+02 4.381600000000000250e+02 4.401999999999999886e+02
4.295000000000000000e+02 4.310199999999999818e+02 4.379599999999999795e+02 4.386100000000000136e+02 4.408500000000000227e+02 4.398100000000000023e+02 4.426399999999999864e+02 4.378999999999999773e+02 4.389800000000000182e+02 4.347900000000000205e+02
4.415299999999999727e+02 4.373399999999999750e+02 4.415500000000000114e+02 4.467200000000000273e+02 4.364800000000000182e+02 4.413000000000000114e+02 4.462900000000000205e+02 4.431600000000000250e+02 4.369700000000000273e+02 4.357699999999999818e+02
4.339800000000000182e+02 4.328399999999999750e+02 4.367400000000000091e+02 4.324200000000000159e+02 4.355400000000000205e+02 4.369499999999999886e+02 4.363500000000000227e+02 4.363600000000000136e+02 4.325400000000000205e+02 4.395500000000000114e+02
4.326600000000000250e+02 4.373000000000000114e+02 4.366100000000000136e+02 4.409900000000000091e+02 4.401299999999999955e+02 4.405199999999999818e+02 4.410000000000000000e+02 4.415600000000000023e+02 4.399800000000000182e+02 4.407099999999999795e+02
4.353899999999999864e+02 4.430799999999999841e+02 4.398600000000000136e+02 4.410299999999999727e+02 4.435400000000000205e+02 4.388899999999999864e+02 4.431100000000000136e+02 4.455699999999999932e+02 4.486399999999999864e+02 4.347400000000000091e+02
4.293199999999999932e+02 4.299700000000000273e+02 4.278600000000000136e+02 4.364300000000000068e+02 4.417900000000000205e+02 4.349700000000000273e+02 4.447599999999999909e+02 4.370400000000000205e+02 4.426700000000000159e+02 4.332500000000000000e+02
4.345600000000000023e+02 4.378299999999999841e+02 4.382699999999999818e+02 4.492400000000000091e+02 4.444700000000000273e+02 4.328299999999999841e+02 4.381200000000000045e+02 4.402699999999999818e+02 4.405000000000000000e+02 4.396800000000000068e+02
4.346899999999999977e+02 4.340500000000000114e+02 4.353500000000000227e+02 4.368000000000000114e+02 4.388999999999999773e+02 4.394200000000000159e+02 4.439200000000000159e+02 4.393799999999999955e+02 4.359100000000000250e+02 4.398999999999999773e+02
4.406000000000000227e+02 4.400400000000000205e+02 4.404800000000000182e+02 4.390600000000000023e+02 4.412200000000000273e+02 4.356899999999999977e+02 4.373799999999999955e+02 4.385699999999999932e+02 4.313700000000000045e+02 4.448899999999999864e+02
4.273899999999999864e+02 4.319499999999999886e+02 4.325799999999999841e+02 4.314800000000000182e+02 4.400000000000000000e+02 4.434800000000000182e+02 4.412599999999999909e+02 4.437200000000000273e+02 4.463199999999999932e+02 4.336100000000000136e+02
4.393999999999999773e+02 4.438399999999999750e+02 4.426600000000000250e+02 4.396600000000000250e+02 4.409700000000000273e+02 4.403199999999999932e+02 4.347900000000000205e+02 4.348799999999999955e+02 4.368700000000000045e+02 4.421399999999999864e+02
4.375500000000000114e+02 4.320899999999999750e+02 4.456800000000000068e+02 4.401100000000000136e+02 4.418399999999999750e+02 4.359499999999999886e+02 4.430600000000000023e+02 4.441399999999999864e+02 4.358899999999999864e+02 4.373999999999999773e+02
4.451200000000000045e+02 4.427400000000000091e+02 4.373199999999999932e+02 4.453999999999999773e+02 4.428299999999999841e+02 4.420000000000000000e+02 4.426600000000000250e+02 4.442699999999999818e+02 4.396000000000000227e+02 4.423999999999999773e+02
4.409499999999999886e+02 4.413000000000000114e+02 4.360500000000000114e+02 4.436999999999999886e+02 4.382799999999999727e+02 4.465199999999999818e+02 4.350699999999999932e+02 4.414599999999999795e+02 4.351899999999999977e+02 4.440699999999999932e+02
4.297599999999999909e+02 4.324700000000000273e+02 4.344300000000000068e+02 4.360699999999999932e+02 4.390500000000000114e+02 4.327200000000000273e+02 4.375699999999999932e+02 4.443600000000000136e+02 4.442200000000000273e+02 4.353799999999999955e+02
4.380299999999999727e+02 4.371600000000000250e+02 4.456399999999999864e+02 4.412699999999999818e+02 4.425500000000000114e+02 4.404300000000000068e+02 4.466800000000000068e+02 4.404900000000000091e+02 4.402799999999999727e+02 4.466700000000000159e+02
4.467699999999999818e+02 4.380500000000000114e+02 4.444700000000000273e+02 4.396700000000000159e+02 4.379499999999999886e+02 4.441999999999999886e+02 4.443600000000000136e+02 4.398199999999999932e+02 4.417400000000000091e+02 4.389300000000000068e+02
4.376299999999999955e+02 4.381200000000000045e+02 4.468799999999999955e+02 4.438100000000000023e+02 4.441499999999999773e+02 4.411499999999999773e+02 4.447599999999999909e+02 4.484599999999999795e+02 4.434599999999999795e+02 4.354200000000000159e+02
