4.335500000000000114e+02 4.363500000000000227e+02 4.413299999999999841e+02 4.370199999999999818e+02 4.410400000000000205e+02 4.371000000000000227e+02 4.353999999999999773e+02 4.368199999999999932e+02 4.411800000000000068e+02 4.394599999999999795e+02
4.460000000000000000e+02 4.407900000000000205e+02 4.355099999999999909e+02 4.365199999999999818e+02 4.392699999999999818e+02 4.388500000000000227e+02 4.454100000000000250e+02 4.484499999999999886e+02 4.327300000000000182e+02 4.413000000000000114e+02
4.333399999999999750e+02 4.323899999999999864e+02 4.406700000000000159e+02 4.409900000000000091e+02 4.412400000000000091e+02 4.443199999999999932e+02 4.434100000000000250e+02 4.447300000000000182e+02 4.399599999999999795e+02 4.349499999999999886e+02
4.233000000000000114e+02 4.356700000000000159e+02 4.374700000000000273e+02 4.409900000000000091e+02 4.410199999999999818e+02 4.441600000000000250e+02 4.417300000000000182e+02 4.404499999999999886e+02 4.388999999999999773e+02 4.383199999999999932e+02
4.402799999999999727e+02 4.484300000000000068e+02 4.430899999999999750e+02 4.443700000000000045e+02 4.448299999999999841e+02 4.401100000000000136e+02 4.427200000000000273e+02 4.420299999999999727e+02 4.409599999999999795e+02 4.505099999999999909e+02
4.338600000000000136e+02 4.380699999999999932e+02 4.403100000000000023e+02 4.417599999999999909e+02 4.367900000000000205e+02 4.440000000000000000e+02 4.371000000000000227e+02 4.442400000000000091e+02 4.334499999999999886e+02 4.390799999999999841e+02
4.228999999999999773e+02 4.268799999999999955e+02 4.370500000000000114e+02 4.399499999999999886e+02 4.420500000000000114e+02 4.391700000000000159e+02 4.395400000000000205e+02 4.436999999999999886e+02 4.354300000000000068e+02 4.445899999999999750e+02
4.354300000000000068e+02 4.416299999999999955e+02 4.465299999999999727e+02 4.371299999999999955e+02 4.485000000000000000e+02 4.405899999999999750e+02 4.373500000000000227e+02 4.446000000000000227e+02 4.427599999999999909e+02 4.401600000000000250e+02
4.328199999999999932e+02 4.416800000000000068e+02 4.417200000000000273e+02 4.415600000000000023e+02 4.437599999999999909e+02 4.403600000000000136e+02 4.480400000000000205e+02 4.372099999999999795e+02 4.381700000000000159e+02 4.496600000000000250e+02
4.368899999999999864e+02 4.451399999999999864e+02 4.411200000000000045e+02 4.444300000000000068e+02 4.374599999999999795e+02 4.404700000000000273e+02 4.422799999999999727e+02 4.430699999999999932e+02 4.401999999999999886e+02 4.396100000000000136e+02
4.330500000000000114e+02 4.441700000000000159e+02 4.471800000000000068e+02 4.369300000000000068e+02 4.327500000000000000e+02 4.419100000000000250e+02 4.450000000000000000e+02 4.448100000000000023e+02 4.439599999999999795e+02 4.366100000000000136e+02
4.336600000000000250e+02 4.440099999999999909e+02 4.373000000000000114e+02 4.500099999999999909e+02 4.402200000000000273e+02 4.426800000000000068e+02 4.486399999999999864e+02 4.413899999999999864e+02 4.387599999999999909e+02 4.403899999999999864e+02
4.373500000000000227e+02 4.446999999999999886e+02 4.417400000000000091e+02 4.460899999999999750e+02 4.398500000000000227e+02 4.404100000000000250e+02 4.386800000000000068e+02 4.401200000000000045e+02 4.416100000000000136e+02 4.405899999999999750e+02
4.288000000000000114e+02 4.253100000000000023e+02 4.306000000000000227e+02 4.340299999999999727e+02 4.325299999999999727e+02 4.333799999999999955e+02 4.381399999999999864e+02 4.333500000000000227e+02 4.356200000000000045e+02 4.331399999999999864e+02
4.297699999999999818e+02 4.375500000000000114e+02 4.487699999999999818e+02 4.378500000000000227e+02 4.342699999999999818e+02 4.410699999999999932e+02 4.385899999999999750e+02 4.383199999999999932e+02 4.423199999999999932e+02 4.393299999999999841e+02
4.291999999999999886e+02 4.326600000000000250e+02 4.406399999999999864e+02 4.380199999999999818e+02 4.327099999999999795e+02 4.384399999999999977e+02 4.446000000000000227e+02 4.428299999999999841e+02 4.486800000000000068e+02 4.378299999999999841e+02
4.376800000000000068e+02 4.436200000000000045e+02 4.394200000000000159e+02 4.349900000000000091e+02 4.439200000000000159e+02 4.489100000000000250e+02 4.423799999999999955e+02 4.375000000000000000e+02 4.416000000000000227e+02 4.382799999999999727e+02
4.383399999999999750e+02 4.483100000000000023e+02 4.391100000000000136e+02 4.389300000000000068e+02 4.419200000000000159e+02 4.438600000000000136e+02 4.439599999999999795e+02 4.503299999999999841e+02 4.452799999999999727e+02 4.385299999999999727e+02
4.338600000000000136e+02 4.402799999999999727e+02 4.467200000000000273e+02 4.353299999999999841e+02 4.398999999999999773e+02 4.389200000000000159e+02 4.413600000000000136e+02 4.405099999999999909e+02 4.410299999999999727e+02 4.364800000000000182e+02
4.291200000000000045e+02 4.417400000000000091e+02 4.427200000000000273e+02 4.395899999999999750e+02 4.373700000000000045e+02 4.440899999999999750e+02 4.427599999999999909e+02 4.470899999999999750e+02 4.430400000000000205e+02 4.397200000000000273e+02
4.432699999999999818e+02 4.432099999999999795e+02 4.473100000000000023e+02 4.433600000000000136e+02 4.432799999999999727e+02 4.457900000000000205e+02 4.417900000000000205e+02 4.413600000000000136e+02 4.442300000000000182e+02 4.375699999999999932e+02
4.385199999999999818e+02 4.445600000000000023e+02 4.406700000000000159e+02 4.371499999999999773e+02 4.405199999999999818e+02 4.423700000000000045e+02 4.429399999999999977e+02 4.452699999999999818e+02 4.389800000000000182e+02 4.420400000000000205e+02
4.296700000000000159e+02 4.333899999999999864e+02 4.334800000000000182e+02 4.404800000000000182e+02 4.414900000000000091e+02 4.398299999999999841e+02 4.453700000000000045e+02 4.457599999999999909e+02 4.336800000000000068e+02 4.437599999999999909e+02
4.330099999999999909e+02 4.401999999999999886e+02 4.335500000000000114e+02 4.353799999999999955e+02 4.399399999999999977e+02 4.355500000000000114e+02 4.348399999999999750e+02 4.344200000000000159e+02 4.385799999999999841e+02 4.357900000000000205e+02
4.333399999999999750e+02 4.307400000000000091e+02 4.285099999999999909e+02 4.263000000000000114e+02 4.382500000000000000e+02 4.388100000000000023e+02 4.376399999999999864e+02 4.414499999999999886e+02 4.358100000000000023e+02 4.433399999999999750e+02
4.450000000000000000e+02 4.447900000000000205e+02 4.398100000000000023e+02 4.437799999999999727e+02 4.362599999999999909e+02 4.422799999999999727e+02 4.430600000000000023e+02 4.389900000000000091e+02 4.349399999999999977e+02 4.462900000000000205e+02
4.255199999999999818e+02 4.359800000000000182e+02 4.383500000000000227e+02 4.318899999999999864e+02 4.329700000000000273e+02 4.468199999999999932e+02 4.372599999999999909e+02 4.386800000000000068e+02 4.398399999999999750e+02 4.420099999999999909e+02
4.286700000000000159e+02 4.286499999999999773e+02 4.323299999999999841e+02 4.368799999999999955e+02 4.361600000000000250e+02 4.381100000000000136e+02 4.376999999999999886e+02 4.475899999999999750e+02 4.372099999999999795e+02 4.470600000000000023e+02
4.411899999999999977e+02 4.406000000000000227e+02 4.424599999999999795e+02 4.373100000000000023e+02 4.428399999999999750e+02 4.441499999999999773e+02 4.351000000000000227e+02 4.430099999999999909e+02 4.492900000000000205e+02 4.449100000000000250e+02
4.329800000000000182e+02 4.376499999999999773e+02 4.395799999999999841e+02 4.423700000000000045e+02 4.349499999999999886e+02 4.396399999999999864e+02 4.390199999999999818e+02 4.425099999999999909e+02 4.367400000000000091e+02 4.451399999999999864e+02
