2.033799999999999955e+02 2.004199999999999875e+02 2.037800000000000011e+02 1.936399999999999864e+02 1.998400000000000034e+02 1.982100000000000080e+02 1.988400000000000034e+02 2.004399999999999977e+02 1.932500000000000000e+02 2.022700000000000102e+02
1.919199999999999875e+02 1.938300000000000125e+02 1.914499999999999886e+02 2.023400000000000034e+02 1.965300000000000011e+02 2.039000000000000057e+02 1.992199999999999989e+02 1.986200000000000045e+02 1.999000000000000057e+02 1.969000000000000057e+02
1.977199999999999989e+02 1.890900000000000034e+02 1.929399999999999977e+02 1.912599999999999909e+02 2.009600000000000080e+02 1.937599999999999909e+02 1.954199999999999875e+02 1.921299999999999955e+02 1.950500000000000114e+02 1.913100000000000023e+02
1.945600000000000023e+02 2.006599999999999966e+02 1.957199999999999989e+02 1.929300000000000068e+02 1.955099999999999909e+02 1.976299999999999955e+02 1.993300000000000125e+02 2.018799999999999955e+02 1.926399999999999864e+02 1.925500000000000114e+02
1.955000000000000000e+02 1.963499999999999943e+02 1.966800000000000068e+02 1.976999999999999886e+02 2.007299999999999898e+02 2.043700000000000045e+02 1.994499999999999886e+02 1.968600000000000136e+02 2.014099999999999966e+02 1.959799999999999898e+02
1.945500000000000114e+02 1.957800000000000011e+02 1.946699999999999875e+02 2.004600000000000080e+02 2.083700000000000045e+02 1.956100000000000136e+02 1.978499999999999943e+02 1.984199999999999875e+02 1.951899999999999977e+02 1.927599999999999909e+02
1.973000000000000114e+02 2.026299999999999955e+02 1.979099999999999966e+02 1.978100000000000023e+02 2.019000000000000057e+02 1.980300000000000011e+02 1.989600000000000080e+02 2.068700000000000045e+02 2.001899999999999977e+02 2.000200000000000102e+02
1.836800000000000068e+02 1.898300000000000125e+02 1.908899999999999864e+02 1.904699999999999989e+02 1.871500000000000057e+02 1.987500000000000000e+02 2.020699999999999932e+02 1.955999999999999943e+02 1.999600000000000080e+02 1.963199999999999932e+02
1.997199999999999989e+02 2.023400000000000034e+02 1.939600000000000080e+02 2.065800000000000125e+02 1.904799999999999898e+02 1.966200000000000045e+02 1.997700000000000102e+02 1.963499999999999943e+02 1.963499999999999943e+02 2.003799999999999955e+02
1.982500000000000000e+02 2.011299999999999955e+02 2.037599999999999909e+02 2.060200000000000102e+02 1.959000000000000057e+02 1.940399999999999920e+02 2.016299999999999955e+02 2.013700000000000045e+02 2.027599999999999909e+02 2.045000000000000000e+02
