4.320199999999999818e+02 4.284700000000000273e+02 4.354300000000000068e+02 4.320299999999999727e+02 4.358000000000000114e+02 4.328799999999999955e+02 4.315899999999999750e+02 4.273299999999999841e+02 4.377900000000000205e+02 4.348600000000000136e+02
4.407500000000000000e+02 4.370699999999999932e+02 4.348500000000000227e+02 4.373999999999999773e+02 4.361200000000000045e+02 4.348999999999999773e+02 4.393399999999999750e+02 4.308600000000000136e+02 4.339399999999999977e+02 4.376499999999999773e+02
4.303999999999999773e+02 4.289300000000000068e+02 4.354100000000000250e+02 4.281000000000000227e+02 4.302099999999999795e+02 4.320600000000000023e+02 4.388100000000000023e+02 4.314300000000000068e+02 4.370000000000000000e+02 4.325099999999999909e+02
4.341000000000000227e+02 4.335099999999999909e+02 4.350699999999999932e+02 4.315400000000000205e+02 4.291000000000000227e+02 4.271700000000000159e+02 4.273299999999999841e+02 4.319300000000000068e+02 4.366999999999999886e+02 4.287400000000000091e+02
4.311399999999999864e+02 4.281100000000000136e+02 4.352300000000000182e+02 4.336100000000000136e+02 4.316700000000000159e+02 4.373399999999999750e+02 4.315600000000000023e+02 4.360600000000000023e+02 4.291399999999999864e+02 4.385000000000000000e+02
4.314599999999999795e+02 4.336999999999999886e+02 4.349700000000000273e+02 4.295400000000000205e+02 4.281100000000000136e+02 4.349800000000000182e+02 4.341000000000000227e+02 4.326899999999999977e+02 4.400799999999999841e+02 4.357300000000000182e+02
4.420400000000000205e+02 4.346299999999999955e+02 4.294700000000000273e+02 4.358399999999999750e+02 4.442500000000000000e+02 4.324900000000000091e+02 4.255199999999999818e+02 4.377200000000000273e+02 4.341200000000000045e+02 4.359599999999999795e+02
4.269399999999999977e+02 4.309700000000000273e+02 4.327099999999999795e+02 4.395299999999999727e+02 4.329900000000000091e+02 4.346800000000000068e+02 4.349900000000000091e+02 4.389599999999999795e+02 4.343199999999999932e+02 4.323799999999999955e+02
4.297900000000000205e+02 4.241000000000000227e+02 4.336499999999999773e+02 4.313500000000000227e+02 4.388399999999999750e+02 4.362699999999999818e+02 4.311000000000000227e+02 4.364700000000000273e+02 4.373799999999999955e+02 4.351299999999999955e+02
4.299800000000000182e+02 4.282300000000000182e+02 4.307799999999999727e+02 4.361800000000000068e+02 4.363500000000000227e+02 4.419399999999999977e+02 4.313700000000000045e+02 4.313000000000000114e+02 4.350099999999999909e+02 4.362599999999999909e+02
