4.259700000000000273e+02 4.370600000000000023e+02 4.359599999999999795e+02 4.345099999999999909e+02 4.362500000000000000e+02 4.380400000000000205e+02 4.404399999999999977e+02 4.314700000000000273e+02 4.375500000000000114e+02 4.393799999999999955e+02
4.264700000000000273e+02 4.220899999999999750e+02 4.269900000000000091e+02 4.328299999999999841e+02 4.331800000000000068e+02 4.356800000000000068e+02 4.284499999999999886e+02 4.295299999999999727e+02 4.337699999999999818e+02 4.350500000000000114e+02
4.375899999999999750e+02 4.317200000000000273e+02 4.341200000000000045e+02 4.287200000000000273e+02 4.324399999999999977e+02 4.404900000000000091e+02 4.373899999999999864e+02 4.332300000000000182e+02 4.313999999999999773e+02 4.366299999999999955e+02
4.349399999999999977e+02 4.363299999999999841e+02 4.413299999999999841e+02 4.404800000000000182e+02 4.361899999999999977e+02 4.400500000000000114e+02 4.418700000000000045e+02 4.377500000000000000e+02 4.321999999999999886e+02 4.358199999999999932e+02
4.334200000000000159e+02 4.370699999999999932e+02 4.357500000000000000e+02 4.365500000000000114e+02 4.323799999999999955e+02 4.442400000000000091e+02 4.359100000000000250e+02 4.373399999999999750e+02 4.394900000000000091e+02 4.346299999999999955e+02
4.339800000000000182e+02 4.366999999999999886e+02 4.355400000000000205e+02 4.327500000000000000e+02 4.366299999999999955e+02 4.406800000000000068e+02 4.391899999999999977e+02 4.394599999999999795e+02 4.386899999999999977e+02 4.325000000000000000e+02
4.326399999999999864e+02 4.411399999999999864e+02 4.398600000000000136e+02 4.427200000000000273e+02 4.376700000000000159e+02 4.401499999999999773e+02 4.362099999999999795e+02 4.362200000000000273e+02 4.385099999999999909e+02 4.390899999999999750e+02
4.309599999999999795e+02 4.280099999999999909e+02 4.317099999999999795e+02 4.401700000000000159e+02 4.404300000000000068e+02 4.349700000000000273e+02 4.356499999999999773e+02 4.359800000000000182e+02 4.402200000000000273e+02 4.335500000000000114e+02
4.398399999999999750e+02 4.332699999999999818e+02 4.324499999999999886e+02 4.334800000000000182e+02 4.370500000000000114e+02 4.289200000000000159e+02 4.352900000000000205e+02 4.348399999999999750e+02 4.415099999999999909e+02 4.353100000000000023e+02
4.350500000000000114e+02 4.337300000000000182e+02 4.387900000000000205e+02 4.343700000000000045e+02 4.255099999999999909e+02 4.305899999999999750e+02 4.359599999999999795e+02 4.319900000000000091e+02 4.347599999999999909e+02 4.262799999999999727e+02
