1.984399999999999977e+02 1.983700000000000045e+02 2.014199999999999875e+02 2.034099999999999966e+02 1.973499999999999943e+02 2.021500000000000057e+02 2.056599999999999966e+02 1.960300000000000011e+02 2.005800000000000125e+02 2.049199999999999875e+02
1.970000000000000000e+02 1.954799999999999898e+02 1.925699999999999932e+02 2.014399999999999977e+02 1.936299999999999955e+02 1.974300000000000068e+02 2.027299999999999898e+02 2.043600000000000136e+02 1.971200000000000045e+02 2.000600000000000023e+02
1.950900000000000034e+02 2.012500000000000000e+02 2.026899999999999977e+02 2.020399999999999920e+02 2.041500000000000057e+02 2.035300000000000011e+02 1.966299999999999955e+02 2.055099999999999909e+02 2.005999999999999943e+02 2.058300000000000125e+02
1.989199999999999875e+02 2.047400000000000091e+02 2.000999999999999943e+02 1.994499999999999886e+02 2.049000000000000057e+02 2.007100000000000080e+02 2.068799999999999955e+02 1.988600000000000136e+02 2.078300000000000125e+02 2.021899999999999977e+02
1.898799999999999955e+02 1.993400000000000034e+02 1.993600000000000136e+02 1.994799999999999898e+02 1.989000000000000057e+02 2.041800000000000068e+02 2.046399999999999864e+02 1.959900000000000091e+02 1.988499999999999943e+02 1.933100000000000023e+02
2.053300000000000125e+02 1.975200000000000102e+02 2.017700000000000102e+02 2.054699999999999989e+02 2.026899999999999977e+02 1.998799999999999955e+02 2.076299999999999955e+02 2.009699999999999989e+02 2.003499999999999943e+02 1.996999999999999886e+02
1.984300000000000068e+02 2.001200000000000045e+02 1.954099999999999966e+02 2.003899999999999864e+02 2.040500000000000114e+02 1.992199999999999989e+02 2.037299999999999898e+02 2.014300000000000068e+02 2.078499999999999943e+02 2.023000000000000114e+02
1.931699999999999875e+02 1.943199999999999932e+02 1.935699999999999932e+02 2.020099999999999909e+02 1.990200000000000102e+02 2.024900000000000091e+02 2.039000000000000057e+02 1.964000000000000057e+02 1.975300000000000011e+02 1.940900000000000034e+02
1.910300000000000011e+02 1.992599999999999909e+02 2.036599999999999966e+02 2.014699999999999989e+02 2.066699999999999875e+02 2.035200000000000102e+02 2.067899999999999920e+02 1.995099999999999909e+02 2.033899999999999864e+02 2.007100000000000080e+02
1.960500000000000114e+02 2.009600000000000080e+02 2.065800000000000125e+02 2.042100000000000080e+02 2.002199999999999989e+02 2.054600000000000080e+02 2.034000000000000057e+02 2.020200000000000102e+02 1.969300000000000068e+02 1.975500000000000114e+02
1.917299999999999898e+02 1.929399999999999977e+02 2.039799999999999898e+02 2.051999999999999886e+02 2.063000000000000114e+02 1.965699999999999932e+02 2.046399999999999864e+02 2.032500000000000000e+02 1.997800000000000011e+02 2.015099999999999909e+02
1.907500000000000000e+02 1.935300000000000011e+02 1.938000000000000114e+02 1.971299999999999955e+02 1.954199999999999875e+02 2.013000000000000114e+02 2.037599999999999909e+02 2.015300000000000011e+02 1.974600000000000080e+02 1.987700000000000102e+02
2.080099999999999909e+02 2.031999999999999886e+02 2.025000000000000000e+02 2.056100000000000136e+02 1.984900000000000091e+02 2.027800000000000011e+02 2.043499999999999943e+02 2.019199999999999875e+02 2.041899999999999977e+02 2.030699999999999932e+02
1.996299999999999955e+02 2.029199999999999875e+02 1.892500000000000000e+02 2.042400000000000091e+02 1.954499999999999886e+02 1.974900000000000091e+02 1.982500000000000000e+02 2.035399999999999920e+02 1.962700000000000102e+02 1.995500000000000114e+02
1.938199999999999932e+02 1.981200000000000045e+02 1.985399999999999920e+02 2.028600000000000136e+02 2.015099999999999909e+02 1.929199999999999875e+02 2.038899999999999864e+02 2.008799999999999955e+02 1.994399999999999977e+02 2.078799999999999955e+02
2.005500000000000114e+02 1.982700000000000102e+02 2.044699999999999989e+02 1.954900000000000091e+02 1.998700000000000045e+02 2.015399999999999920e+02 2.063499999999999943e+02 1.970300000000000011e+02 2.013199999999999932e+02 2.055099999999999909e+02
1.938899999999999864e+02 1.987899999999999920e+02 2.011299999999999955e+02 2.034000000000000057e+02 2.059399999999999977e+02 1.991599999999999966e+02 2.016800000000000068e+02 1.987800000000000011e+02 2.045399999999999920e+02 1.912100000000000080e+02
1.889699999999999989e+02 1.921699999999999875e+02 2.012599999999999909e+02 1.967299999999999898e+02 2.028300000000000125e+02 2.008100000000000023e+02 1.965399999999999920e+02 1.928400000000000034e+02 1.955699999999999932e+02 2.056500000000000057e+02
2.009499999999999886e+02 2.040900000000000034e+02 2.003100000000000023e+02 1.986800000000000068e+02 2.005099999999999909e+02 2.021699999999999875e+02 2.008000000000000114e+02 2.034900000000000091e+02 1.991399999999999864e+02 2.014000000000000057e+02
1.985200000000000102e+02 1.994000000000000057e+02 1.985900000000000034e+02 1.973700000000000045e+02 2.034099999999999966e+02 2.012400000000000091e+02 2.018199999999999932e+02 1.991100000000000136e+02 2.021500000000000057e+02 1.972700000000000102e+02
