2.014600000000000080e+02 1.996100000000000136e+02 1.943799999999999955e+02 1.995300000000000011e+02 1.987400000000000091e+02 2.035800000000000125e+02 2.040500000000000114e+02 1.969000000000000057e+02 1.948499999999999943e+02 1.876899999999999977e+02
1.969600000000000080e+02 1.932400000000000091e+02 1.983100000000000023e+02 1.957700000000000102e+02 1.949199999999999875e+02 1.978000000000000114e+02 2.026999999999999886e+02 2.026800000000000068e+02 1.957800000000000011e+02 1.923700000000000045e+02
1.929699999999999989e+02 2.023799999999999955e+02 1.982299999999999898e+02 1.990000000000000000e+02 1.893400000000000034e+02 2.000900000000000034e+02 1.910099999999999909e+02 1.916200000000000045e+02 1.958799999999999955e+02 1.982800000000000011e+02
1.994000000000000057e+02 2.001899999999999977e+02 1.913400000000000034e+02 2.017400000000000091e+02 1.993899999999999864e+02 1.884499999999999886e+02 1.929300000000000068e+02 1.999199999999999875e+02 1.914499999999999886e+02 1.937199999999999989e+02
1.897500000000000000e+02 1.958499999999999943e+02 1.983199999999999932e+02 1.957899999999999920e+02 1.983000000000000114e+02 1.981899999999999977e+02 1.926299999999999955e+02 1.933700000000000045e+02 1.970900000000000034e+02 2.061100000000000136e+02
1.951200000000000045e+02 1.924099999999999966e+02 1.947400000000000091e+02 1.924799999999999898e+02 1.929300000000000068e+02 1.910800000000000125e+02 1.990999999999999943e+02 2.002299999999999898e+02 1.973100000000000023e+02 1.904199999999999875e+02
1.987899999999999920e+02 2.006899999999999977e+02 2.045099999999999909e+02 1.962100000000000080e+02 1.984300000000000068e+02 1.977700000000000102e+02 1.996500000000000057e+02 1.969399999999999977e+02 1.968499999999999943e+02 2.017100000000000080e+02
1.866299999999999955e+02 1.966699999999999875e+02 2.010500000000000114e+02 1.932599999999999909e+02 1.933799999999999955e+02 1.970900000000000034e+02 1.851100000000000136e+02 1.991100000000000136e+02 1.981299999999999955e+02 1.922700000000000102e+02
1.897700000000000102e+02 2.003300000000000125e+02 1.950099999999999909e+02 1.935399999999999920e+02 1.909799999999999898e+02 2.050999999999999943e+02 1.985999999999999943e+02 1.941200000000000045e+02 1.957700000000000102e+02 1.978700000000000045e+02
1.936500000000000057e+02 1.930300000000000011e+02 1.963700000000000045e+02 2.052599999999999909e+02 1.915000000000000000e+02 2.116800000000000068e+02 2.008300000000000125e+02 1.985399999999999920e+02 2.039399999999999977e+02 1.988000000000000114e+02
