4.339399999999999977e+02 4.376899999999999977e+02 4.341399999999999864e+02 4.292099999999999795e+02 4.395400000000000205e+02 4.363799999999999955e+02 4.383999999999999773e+02 4.364900000000000091e+02 4.298399999999999750e+02 4.322599999999999909e+02
4.307500000000000000e+02 4.314700000000000273e+02 4.329499999999999886e+02 4.414599999999999795e+02 4.357099999999999795e+02 4.446299999999999955e+02 4.364800000000000182e+02 4.409499999999999886e+02 4.360899999999999750e+02 4.362400000000000091e+02
4.233399999999999750e+02 4.279300000000000068e+02 4.281800000000000068e+02 4.331700000000000159e+02 4.347200000000000273e+02 4.344499999999999886e+02 4.355899999999999750e+02 4.332799999999999727e+02 4.360600000000000023e+02 4.393500000000000227e+02
4.350799999999999841e+02 4.375400000000000205e+02 4.291299999999999955e+02 4.376000000000000227e+02 4.420799999999999841e+02 4.425899999999999750e+02 4.391200000000000045e+02 4.311299999999999955e+02 4.333100000000000023e+02 4.332300000000000182e+02
4.309700000000000273e+02 4.351000000000000227e+02 4.320199999999999818e+02 4.375699999999999932e+02 4.377799999999999727e+02 4.313500000000000227e+02 4.379200000000000159e+02 4.318600000000000136e+02 4.433799999999999955e+02 4.333799999999999955e+02
4.270500000000000114e+02 4.248299999999999841e+02 4.269499999999999886e+02 4.317400000000000091e+02 4.232400000000000091e+02 4.385600000000000023e+02 4.337599999999999909e+02 4.402900000000000205e+02 4.412099999999999795e+02 4.410500000000000114e+02
4.418600000000000136e+02 4.331499999999999773e+02 4.321499999999999773e+02 4.389599999999999795e+02 4.319900000000000091e+02 4.356800000000000068e+02 4.347099999999999795e+02 4.298199999999999932e+02 4.316100000000000136e+02 4.251899999999999977e+02
4.240299999999999727e+02 4.338899999999999864e+02 4.403199999999999932e+02 4.361700000000000159e+02 4.331899999999999977e+02 4.328100000000000023e+02 4.335099999999999909e+02 4.357500000000000000e+02 4.311600000000000250e+02 4.317599999999999909e+02
4.394700000000000273e+02 4.334599999999999795e+02 4.391299999999999955e+02 4.327099999999999795e+02 4.383000000000000114e+02 4.363799999999999955e+02 4.298299999999999841e+02 4.309499999999999886e+02 4.353700000000000045e+02 4.390500000000000114e+02
4.398299999999999841e+02 4.387599999999999909e+02 4.296800000000000068e+02 4.388700000000000045e+02 4.363199999999999932e+02 4.417200000000000273e+02 4.410199999999999818e+02 4.291600000000000250e+02 4.358000000000000114e+02 4.321800000000000068e+02
4.360099999999999909e+02 4.313500000000000227e+02 4.375899999999999750e+02 4.394700000000000273e+02 4.410600000000000023e+02 4.415199999999999818e+02 4.326999999999999886e+02 4.293999999999999773e+02 4.351899999999999977e+02 4.373700000000000045e+02
4.348199999999999932e+02 4.326000000000000227e+02 4.320899999999999750e+02 4.354900000000000091e+02 4.348500000000000227e+02 4.359300000000000068e+02 4.297900000000000205e+02 4.414499999999999886e+02 4.419200000000000159e+02 4.314200000000000159e+02
4.315799999999999841e+02 4.337400000000000091e+02 4.305500000000000114e+02 4.354200000000000159e+02 4.298999999999999773e+02 4.343399999999999750e+02 4.320099999999999909e+02 4.344599999999999795e+02 4.357099999999999795e+02 4.394599999999999795e+02
4.328899999999999864e+02 4.233700000000000045e+02 4.312699999999999818e+02 4.356200000000000045e+02 4.313799999999999955e+02 4.316100000000000136e+02 4.356999999999999886e+02 4.352099999999999795e+02 4.412900000000000205e+02 4.340600000000000023e+02
4.329700000000000273e+02 4.320899999999999750e+02 4.335600000000000023e+02 4.369599999999999795e+02 4.394399999999999977e+02 4.349399999999999977e+02 4.364200000000000159e+02 4.370799999999999841e+02 4.336100000000000136e+02 4.330400000000000205e+02
4.308100000000000023e+02 4.421000000000000227e+02 4.363100000000000023e+02 4.291299999999999955e+02 4.339300000000000068e+02 4.333700000000000045e+02 4.317400000000000091e+02 4.349399999999999977e+02 4.323999999999999773e+02 4.346200000000000045e+02
4.372599999999999909e+02 4.411100000000000136e+02 4.281399999999999864e+02 4.280299999999999727e+02 4.359200000000000159e+02 4.306200000000000045e+02 4.311999999999999886e+02 4.323600000000000136e+02 4.375400000000000205e+02 4.353999999999999773e+02
4.353600000000000136e+02 4.382699999999999818e+02 4.391800000000000068e+02 4.360699999999999932e+02 4.367599999999999909e+02 4.291100000000000136e+02 4.305000000000000000e+02 4.380799999999999841e+02 4.378100000000000023e+02 4.289100000000000250e+02
4.371999999999999886e+02 4.327400000000000091e+02 4.366999999999999886e+02 4.271200000000000045e+02 4.338999999999999773e+02 4.368899999999999864e+02 4.425600000000000023e+02 4.393799999999999955e+02 4.326700000000000159e+02 4.320600000000000023e+02
4.294700000000000273e+02 4.284300000000000068e+02 4.308399999999999750e+02 4.323299999999999841e+02 4.282699999999999818e+02 4.308100000000000023e+02 4.290000000000000000e+02 4.307900000000000205e+02 4.345799999999999841e+02 4.356399999999999864e+02
