2.045099999999999909e+02 2.046200000000000045e+02 2.002700000000000102e+02 2.052700000000000102e+02 2.058499999999999943e+02 2.071200000000000045e+02 2.047199999999999989e+02 2.065399999999999920e+02 1.963300000000000125e+02 2.098199999999999932e+02
1.909199999999999875e+02 1.916999999999999886e+02 1.978400000000000034e+02 1.998499999999999943e+02 1.977500000000000000e+02 2.003000000000000114e+02 2.022199999999999989e+02 2.096399999999999864e+02 1.968300000000000125e+02 1.982100000000000080e+02
2.081899999999999977e+02 1.978199999999999932e+02 1.985200000000000102e+02 1.970900000000000034e+02 1.996599999999999966e+02 2.031200000000000045e+02 1.996500000000000057e+02 1.988899999999999864e+02 2.027700000000000102e+02 2.061299999999999955e+02
1.922199999999999989e+02 1.978700000000000045e+02 1.975800000000000125e+02 1.974099999999999966e+02 2.011100000000000136e+02 2.006999999999999886e+02 2.014300000000000068e+02 1.987599999999999909e+02 1.991500000000000057e+02 1.994399999999999977e+02
1.963300000000000125e+02 1.939300000000000068e+02 2.020399999999999920e+02 1.960800000000000125e+02 1.991299999999999955e+02 1.941699999999999875e+02 1.996100000000000136e+02 2.068000000000000114e+02 1.950300000000000011e+02 1.973600000000000136e+02
1.876800000000000068e+02 1.965000000000000000e+02 1.973100000000000023e+02 1.998000000000000114e+02 2.021200000000000045e+02 1.968799999999999955e+02 1.970399999999999920e+02 2.078600000000000136e+02 1.976299999999999955e+02 2.090099999999999909e+02
2.012400000000000091e+02 2.031399999999999864e+02 2.027299999999999898e+02 1.998899999999999864e+02 2.073799999999999955e+02 2.049900000000000091e+02 1.991899999999999977e+02 1.947199999999999989e+02 2.020200000000000102e+02 1.959699999999999989e+02
1.918300000000000125e+02 1.946500000000000057e+02 1.938400000000000034e+02 1.999000000000000057e+02 1.939399999999999977e+02 1.984600000000000080e+02 1.943300000000000125e+02 1.965500000000000114e+02 2.006299999999999955e+02 2.019799999999999898e+02
1.847500000000000000e+02 1.992700000000000102e+02 1.960200000000000102e+02 1.976100000000000136e+02 1.959300000000000068e+02 1.923000000000000114e+02 1.943799999999999955e+02 1.987199999999999989e+02 1.963499999999999943e+02 1.969600000000000080e+02
2.004199999999999875e+02 2.008100000000000023e+02 2.008799999999999955e+02 1.933000000000000114e+02 2.026800000000000068e+02 1.994499999999999886e+02 1.973199999999999932e+02 1.989600000000000080e+02 1.989300000000000068e+02 2.000600000000000023e+02
1.930999999999999943e+02 1.975399999999999920e+02 1.999300000000000068e+02 2.031299999999999955e+02 2.030399999999999920e+02 2.016500000000000057e+02 1.973499999999999943e+02 1.990900000000000034e+02 1.971399999999999864e+02 1.999799999999999898e+02
1.903000000000000114e+02 1.971899999999999977e+02 1.997599999999999909e+02 2.031299999999999955e+02 2.048499999999999943e+02 1.988000000000000114e+02 2.014799999999999898e+02 1.940500000000000114e+02 1.939900000000000091e+02 2.007299999999999898e+02
1.996299999999999955e+02 1.994699999999999989e+02 1.983100000000000023e+02 1.979300000000000068e+02 2.002199999999999989e+02 1.967800000000000011e+02 1.994399999999999977e+02 2.005300000000000011e+02 2.019399999999999977e+02 1.982599999999999909e+02
1.921599999999999966e+02 2.030300000000000011e+02 2.083300000000000125e+02 2.064000000000000057e+02 2.055099999999999909e+02 1.981599999999999966e+02 1.973199999999999932e+02 2.014600000000000080e+02 2.023199999999999932e+02 2.058400000000000034e+02
1.994600000000000080e+02 1.980500000000000114e+02 1.951699999999999875e+02 1.962800000000000011e+02 1.989499999999999886e+02 1.938000000000000114e+02 1.882899999999999920e+02 1.890699999999999932e+02 1.933600000000000136e+02 2.010200000000000102e+02
1.946500000000000057e+02 1.893300000000000125e+02 1.915000000000000000e+02 1.928100000000000023e+02 1.930600000000000023e+02 1.993100000000000023e+02 1.948300000000000125e+02 2.077500000000000000e+02 1.994000000000000057e+02 1.985399999999999920e+02
2.026399999999999864e+02 1.984900000000000091e+02 1.980999999999999943e+02 1.952500000000000000e+02 1.983899999999999864e+02 1.980399999999999920e+02 1.947100000000000080e+02 2.002299999999999898e+02 1.981100000000000136e+02 2.035800000000000125e+02
1.998700000000000045e+02 1.980000000000000000e+02 1.928499999999999943e+02 1.964000000000000057e+02 2.009900000000000091e+02 2.013700000000000045e+02 2.001800000000000068e+02 2.018400000000000034e+02 2.007700000000000102e+02 1.980600000000000023e+02
1.954600000000000080e+02 2.143799999999999955e+02 2.005999999999999943e+02 2.085399999999999920e+02 1.980600000000000023e+02 1.981500000000000057e+02 1.964499999999999886e+02 2.008899999999999864e+02 2.003300000000000125e+02 2.004699999999999989e+02
1.958600000000000136e+02 1.898499999999999943e+02 2.008199999999999932e+02 2.024799999999999898e+02 2.031899999999999977e+02 1.996100000000000136e+02 1.980600000000000023e+02 1.963700000000000045e+02 2.030900000000000034e+02 2.047700000000000102e+02
2.019699999999999989e+02 2.053000000000000114e+02 2.006100000000000136e+02 1.960900000000000034e+02 2.020600000000000023e+02 2.023499999999999943e+02 2.005000000000000000e+02 1.968000000000000114e+02 2.032700000000000102e+02 1.961699999999999875e+02
1.916800000000000068e+02 1.882199999999999989e+02 1.970600000000000023e+02 2.028199999999999932e+02 2.016699999999999875e+02 1.990900000000000034e+02 2.016399999999999864e+02 1.969900000000000091e+02 2.031699999999999875e+02 2.024000000000000057e+02
2.013499999999999943e+02 2.018899999999999864e+02 2.008799999999999955e+02 2.001599999999999966e+02 1.965999999999999943e+02 2.047599999999999909e+02 1.932400000000000091e+02 2.024199999999999875e+02 2.002700000000000102e+02 2.020600000000000023e+02
1.935800000000000125e+02 1.971699999999999875e+02 1.998799999999999955e+02 2.045300000000000011e+02 1.979799999999999898e+02 1.968899999999999864e+02 1.970099999999999909e+02 2.028700000000000045e+02 1.979000000000000057e+02 2.029600000000000080e+02
2.079099999999999966e+02 2.019499999999999886e+02 2.030699999999999932e+02 1.948100000000000023e+02 1.938700000000000045e+02 2.050099999999999909e+02 1.968799999999999955e+02 2.033600000000000136e+02 1.955800000000000125e+02 1.953300000000000125e+02
2.051500000000000057e+02 2.064699999999999989e+02 2.002299999999999898e+02 1.965800000000000125e+02 2.032700000000000102e+02 1.978000000000000114e+02 1.972899999999999920e+02 2.011899999999999977e+02 2.029900000000000091e+02 2.013300000000000125e+02
1.953600000000000136e+02 2.007599999999999909e+02 1.996500000000000057e+02 2.002400000000000091e+02 2.055600000000000023e+02 2.027400000000000091e+02 2.009000000000000057e+02 1.965699999999999932e+02 1.921200000000000045e+02 1.948499999999999943e+02
1.956299999999999955e+02 2.003899999999999864e+02 1.989399999999999977e+02 1.980099999999999909e+02 2.048600000000000136e+02 1.992199999999999989e+02 2.006299999999999955e+02 1.997899999999999920e+02 1.983499999999999943e+02 1.967800000000000011e+02
1.997700000000000102e+02 1.994300000000000068e+02 1.940800000000000125e+02 1.939199999999999875e+02 1.988100000000000023e+02 2.014199999999999875e+02 1.935699999999999932e+02 1.929099999999999966e+02 1.997100000000000080e+02 1.938199999999999932e+02
2.020500000000000114e+02 1.981299999999999955e+02 2.018600000000000136e+02 1.999499999999999886e+02 2.043000000000000114e+02 2.052899999999999920e+02 1.988400000000000034e+02 2.003700000000000045e+02 2.081399999999999864e+02 1.989399999999999977e+02
