4.352799999999999727e+02 4.359700000000000273e+02 4.365899999999999750e+02 4.343000000000000114e+02 4.370600000000000023e+02 4.384499999999999886e+02 4.385199999999999818e+02 4.374100000000000250e+02 4.360199999999999818e+02 4.321000000000000227e+02
4.311700000000000159e+02 4.345699999999999932e+02 4.322099999999999795e+02 4.341499999999999773e+02 4.325500000000000114e+02 4.401100000000000136e+02 4.380500000000000114e+02 4.371100000000000136e+02 4.352500000000000000e+02 4.294800000000000182e+02
4.226499999999999773e+02 4.276899999999999977e+02 4.336000000000000227e+02 4.333399999999999750e+02 4.327200000000000273e+02 4.254300000000000068e+02 4.296800000000000068e+02 4.375500000000000114e+02 4.356499999999999773e+02 4.326000000000000227e+02
4.361399999999999864e+02 4.358399999999999750e+02 4.401800000000000068e+02 4.365500000000000114e+02 4.385400000000000205e+02 4.429100000000000250e+02 4.449200000000000159e+02 4.318899999999999864e+02 4.309599999999999795e+02 4.368199999999999932e+02
4.228600000000000136e+02 4.337400000000000091e+02 4.300400000000000205e+02 4.294399999999999977e+02 4.344100000000000250e+02 4.327400000000000091e+02 4.308399999999999750e+02 4.304800000000000182e+02 4.283000000000000114e+02 4.267599999999999909e+02
4.290699999999999932e+02 4.296999999999999886e+02 4.275099999999999909e+02 4.267900000000000205e+02 4.328199999999999932e+02 4.389100000000000250e+02 4.347799999999999727e+02 4.382099999999999795e+02 4.326000000000000227e+02 4.340799999999999841e+02
4.294700000000000273e+02 4.280899999999999750e+02 4.291999999999999886e+02 4.334700000000000273e+02 4.285500000000000114e+02 4.310099999999999909e+02 4.290299999999999727e+02 4.380000000000000000e+02 4.338000000000000114e+02 4.337699999999999818e+02
4.300400000000000205e+02 4.374700000000000273e+02 4.402300000000000182e+02 4.309499999999999886e+02 4.309499999999999886e+02 4.303199999999999932e+02 4.300400000000000205e+02 4.338500000000000227e+02 4.309100000000000250e+02 4.293899999999999864e+02
4.288199999999999932e+02 4.403199999999999932e+02 4.371399999999999864e+02 4.286700000000000159e+02 4.320799999999999841e+02 4.299200000000000159e+02 4.363899999999999864e+02 4.412099999999999795e+02 4.316899999999999977e+02 4.351499999999999773e+02
4.329900000000000091e+02 4.330000000000000000e+02 4.334200000000000159e+02 4.325400000000000205e+02 4.378999999999999773e+02 4.337900000000000205e+02 4.387200000000000273e+02 4.379800000000000182e+02 4.337099999999999795e+02 4.332699999999999818e+02
4.342099999999999795e+02 4.380000000000000000e+02 4.357300000000000182e+02 4.270899999999999750e+02 4.369700000000000273e+02 4.365199999999999818e+02 4.308199999999999932e+02 4.367900000000000205e+02 4.336800000000000068e+02 4.340699999999999932e+02
4.384700000000000273e+02 4.372500000000000000e+02 4.374499999999999886e+02 4.320299999999999727e+02 4.424499999999999886e+02 4.288299999999999841e+02 4.386700000000000159e+02 4.368199999999999932e+02 4.371899999999999977e+02 4.334700000000000273e+02
4.368299999999999841e+02 4.350400000000000205e+02 4.286000000000000227e+02 4.343100000000000023e+02 4.319399999999999977e+02 4.358199999999999932e+02 4.374200000000000159e+02 4.297099999999999795e+02 4.265899999999999750e+02 4.348500000000000227e+02
4.310500000000000114e+02 4.340799999999999841e+02 4.262799999999999727e+02 4.345400000000000205e+02 4.375699999999999932e+02 4.298100000000000023e+02 4.342400000000000091e+02 4.281999999999999886e+02 4.331200000000000045e+02 4.281600000000000250e+02
4.315299999999999727e+02 4.385400000000000205e+02 4.281899999999999977e+02 4.292400000000000091e+02 4.298299999999999841e+02 4.361600000000000250e+02 4.347599999999999909e+02 4.358600000000000136e+02 4.321399999999999864e+02 4.301499999999999773e+02
4.331600000000000250e+02 4.311299999999999955e+02 4.356299999999999955e+02 4.343199999999999932e+02 4.316499999999999773e+02 4.402300000000000182e+02 4.337699999999999818e+02 4.316100000000000136e+02 4.329800000000000182e+02 4.372699999999999818e+02
4.339200000000000159e+02 4.366000000000000227e+02 4.329800000000000182e+02 4.384300000000000068e+02 4.358600000000000136e+02 4.397500000000000000e+02 4.395600000000000023e+02 4.336499999999999773e+02 4.343899999999999864e+02 4.380299999999999727e+02
4.291800000000000068e+02 4.310799999999999841e+02 4.357200000000000273e+02 4.321899999999999977e+02 4.371800000000000068e+02 4.357400000000000091e+02 4.314700000000000273e+02 4.335299999999999727e+02 4.239800000000000182e+02 4.383199999999999932e+02
4.324100000000000250e+02 4.309700000000000273e+02 4.318500000000000227e+02 4.283700000000000045e+02 4.398899999999999864e+02 4.307400000000000091e+02 4.336000000000000227e+02 4.371800000000000068e+02 4.400799999999999841e+02 4.336299999999999955e+02
4.332300000000000182e+02 4.341000000000000227e+02 4.390000000000000000e+02 4.296000000000000227e+02 4.404900000000000091e+02 4.350099999999999909e+02 4.284800000000000182e+02 4.346999999999999886e+02 4.505299999999999727e+02 4.326999999999999886e+02
