1.938600000000000136e+02 1.958300000000000125e+02 1.974399999999999977e+02 1.943199999999999932e+02 2.055500000000000114e+02 1.984399999999999977e+02 2.002299999999999898e+02 2.085300000000000011e+02 2.032500000000000000e+02 2.027599999999999909e+02
1.933899999999999864e+02 1.939600000000000080e+02 1.996999999999999886e+02 2.009900000000000091e+02 1.945600000000000023e+02 2.020200000000000102e+02 1.992899999999999920e+02 2.051999999999999886e+02 1.995800000000000125e+02 2.052299999999999898e+02
1.940699999999999932e+02 1.900800000000000125e+02 1.970200000000000102e+02 1.932400000000000091e+02 1.981699999999999875e+02 1.978799999999999955e+02 2.036200000000000045e+02 2.065999999999999943e+02 2.051100000000000136e+02 1.984199999999999875e+02
1.940800000000000125e+02 2.010999999999999943e+02 1.970699999999999932e+02 1.976299999999999955e+02 1.978300000000000125e+02 1.974099999999999966e+02 1.991399999999999864e+02 1.996999999999999886e+02 1.995699999999999932e+02 1.865099999999999909e+02
1.864600000000000080e+02 1.902800000000000011e+02 2.011899999999999977e+02 1.936599999999999966e+02 1.999499999999999886e+02 1.956500000000000057e+02 2.029799999999999898e+02 2.015000000000000000e+02 1.975000000000000000e+02 2.025000000000000000e+02
1.906599999999999966e+02 2.012199999999999989e+02 1.990099999999999909e+02 1.897899999999999920e+02 2.028400000000000034e+02 1.962400000000000091e+02 1.974399999999999977e+02 2.031800000000000068e+02 2.030900000000000034e+02 1.954300000000000068e+02
1.892500000000000000e+02 1.936500000000000057e+02 1.947800000000000011e+02 1.954399999999999977e+02 1.995999999999999943e+02 1.995500000000000114e+02 1.919900000000000091e+02 2.023000000000000114e+02 2.045699999999999932e+02 2.009799999999999898e+02
1.981699999999999875e+02 1.991800000000000068e+02 1.908300000000000125e+02 2.023400000000000034e+02 2.003100000000000023e+02 2.054399999999999977e+02 1.978000000000000114e+02 2.049699999999999989e+02 1.970699999999999932e+02 2.004900000000000091e+02
1.899300000000000068e+02 1.984900000000000091e+02 1.950399999999999920e+02 2.059399999999999977e+02 2.021299999999999955e+02 2.025000000000000000e+02 1.993799999999999955e+02 2.001899999999999977e+02 2.032500000000000000e+02 2.032899999999999920e+02
1.962500000000000000e+02 2.000600000000000023e+02 1.995300000000000011e+02 1.924600000000000080e+02 1.911599999999999966e+02 2.006299999999999955e+02 1.940600000000000023e+02 2.058700000000000045e+02 2.024399999999999977e+02 1.930000000000000000e+02
1.914399999999999977e+02 1.851299999999999955e+02 1.891399999999999864e+02 1.965900000000000034e+02 1.966200000000000045e+02 1.950800000000000125e+02 1.948000000000000114e+02 2.000500000000000114e+02 1.961500000000000057e+02 1.929499999999999886e+02
1.978400000000000034e+02 1.977899999999999920e+02 1.968000000000000114e+02 1.937500000000000000e+02 1.967599999999999909e+02 2.003700000000000045e+02 1.955099999999999909e+02 2.013899999999999864e+02 1.992100000000000080e+02 1.990399999999999920e+02
1.903700000000000045e+02 1.982700000000000102e+02 1.958199999999999932e+02 1.957700000000000102e+02 2.017500000000000000e+02 1.972100000000000080e+02 1.992100000000000080e+02 1.930600000000000023e+02 1.952400000000000091e+02 1.934799999999999898e+02
1.922500000000000000e+02 1.967199999999999989e+02 1.952400000000000091e+02 1.964199999999999875e+02 1.926399999999999864e+02 1.950099999999999909e+02 1.959799999999999898e+02 1.893799999999999955e+02 1.949399999999999977e+02 1.934300000000000068e+02
1.988700000000000045e+02 2.030300000000000011e+02 2.021599999999999966e+02 1.934199999999999875e+02 1.967899999999999920e+02 1.977700000000000102e+02 2.015399999999999920e+02 2.019799999999999898e+02 1.979600000000000080e+02 2.015000000000000000e+02
2.004399999999999977e+02 1.969799999999999898e+02 2.011500000000000057e+02 1.991800000000000068e+02 2.073899999999999864e+02 1.979199999999999875e+02 1.975300000000000011e+02 2.029499999999999886e+02 1.954399999999999977e+02 2.022599999999999909e+02
1.906800000000000068e+02 1.941800000000000068e+02 1.974499999999999886e+02 1.979300000000000068e+02 1.952599999999999909e+02 1.939499999999999886e+02 2.102800000000000011e+02 1.975999999999999943e+02 2.014199999999999875e+02 1.965900000000000034e+02
2.069199999999999875e+02 2.019699999999999989e+02 2.000699999999999932e+02 1.998300000000000125e+02 1.983600000000000136e+02 1.964699999999999989e+02 2.005300000000000011e+02 2.044699999999999989e+02 2.040200000000000102e+02 1.959799999999999898e+02
1.989000000000000057e+02 2.027299999999999898e+02 2.026500000000000057e+02 1.990699999999999932e+02 1.995500000000000114e+02 2.014600000000000080e+02 1.978300000000000125e+02 2.003700000000000045e+02 1.993100000000000023e+02 2.022800000000000011e+02
1.924399999999999977e+02 1.871999999999999886e+02 1.965900000000000034e+02 1.959699999999999989e+02 1.958000000000000114e+02 2.034799999999999898e+02 1.985600000000000023e+02 1.987899999999999920e+02 2.006100000000000136e+02 1.951899999999999977e+02
